154,108,0.0,1000000.0
154,107,1.0,301.99286
154,106,2.0,300.40707
154,105,3.0,298.8213
154,104,4.0,297.2355
154,103,5.0,295.64972
154,102,6.0,294.06393
154,101,7.0,292.47815
154,100,8.0,290.89236
153,99,9.414213,288.30658
153,98,10.414213,286.72076
153,97,11.414213,285.13498
153,96,12.414213,283.5492
153,95,13.414213,281.9634
153,94,14.414213,280.37762
153,93,15.414213,278.79184
153,92,16.414213,277.20605
153,91,17.414213,275.62027
153,90,18.414213,274.0345
153,89,19.414213,272.4487
153,88,20.414213,270.8629
152,88,20.664213,269.8629
151,88,20.914213,268.8629
150,88,21.164213,267.8629
149,88,21.414213,266.8629
148,88,21.664213,265.8629
147,88,21.914213,264.8629
146,88,22.164213,263.8629
145,88,22.414213,262.8629
144,88,22.664213,261.8629
143,88,22.914213,260.8629
142,88,23.164213,259.8629
141,88,23.414213,258.8629
140,88,23.664213,257.8629
139,88,23.914213,256.8629
138,88,24.164213,255.86292
137,88,24.414213,254.86292
136,88,24.664213,253.86292
135,88,24.914213,252.86292
134,88,25.164213,251.86292
133,88,25.414213,250.86292
132,88,25.664213,249.86292
131,88,25.914213,248.86292
130,88,26.164213,247.86292
129,88,26.414213,246.86292
128,88,26.664213,245.86292
127,88,26.914213,244.86292
126,88,27.164213,243.86292
125,88,27.414213,242.86292
124,88,27.664213,241.86292
123,88,27.914213,240.86292
122,88,28.164213,239.86292
121,88,28.414213,238.86292
120,88,28.664213,237.86292
119,88,28.914213,236.86292
119,87,29.164213,235.27713
119,86,29.414213,233.69135
119,85,29.664213,232.10556
119,84,30.039213,230.51978
119,83,30.414213,228.93398
119,82,30.664213,227.34819
119,81,30.914213,225.7624
119,80,31.164213,224.17662
119,79,31.539213,222.59084
119,78,32.039215,221.00505
119,77,32.539215,219.41927
119,76,32.914215,217.83348
119,75,33.289215,216.2477
119,74,33.664215,214.66191
119,73,33.914215,213.07611
119,72,34.289215,211.49033
119,71,34.789215,209.90454
119,70,35.289215,208.31876
119,69,35.664215,206.73297
119,68,36.039215,205.14719
119,67,36.539215,203.5614
119,66,37.039215,201.97562
119,65,37.539215,200.38983
119,64,37.914215,198.80405
119,63,38.164215,197.21825
119,62,38.414215,195.63246
119,61,38.789215,194.04668
119,60,39.164215,192.46089
119,59,39.539215,190.8751
119,58,39.914215,189.28932
119,57,40.164215,187.70354
119,56,40.539215,186.11775
119,55,41.039215,184.53197
119,54,41.539215,182.94618
119,53,41.914215,181.36038
119,52,42.164215,179.7746
119,51,42.414215,178.18881
119,50,42.664215,176.60303
119,49,42.914215,175.01724
119,48,43.164215,173.43146
118,48,43.414215,172.43146
117,48,43.664215,171.43146
116,48,43.914215,170.43146
115,48,44.164215,169.43146
114,48,44.414215,168.43146
113,48,44.664215,167.43146
112,48,44.914215,166.43146
111,48,45.164215,165.43146
110,48,45.414215,164.43146
109,48,45.664215,163.43146
108,48,45.914215,162.43146
107,48,46.164215,161.43146
106,48,46.414215,160.43146
105,48,46.664215,159.43146
104,48,46.914215,158.43146
103,48,47.164215,157.43146
102,48,47.414215,156.43146
101,48,47.664215,155.43146
100,48,47.914215,154.43146
99,48,48.164215,153.43146
98,47,49.57843,150.84567
97,47,50.57843,149.84567
96,47,51.57843,148.84567
95,46,52.992645,146.25989
94,46,53.992645,145.25989
93,46,54.992645,144.25989
92,46,55.992645,143.25989
91,46,56.992645,142.25989
90,46,57.992645,141.25989
89,45,59.40686,138.6741
88,44,60.821075,136.08832
87,44,61.821075,135.08832
86,44,62.821075,134.08832
85,44,63.821075,133.08832
84,43,65.23529,130.50252
83,43,66.23529,129.50252
82,43,67.23529,128.50252
81,43,68.23529,127.502525
80,43,69.23529,126.502525
79,43,70.23529,125.502525
78,43,71.23529,124.502525
77,43,72.23529,123.502525
76,43,73.23529,122.502525
75,43,74.23529,121.502525
74,43,75.23529,120.502525
73,43,76.23529,119.502525
72,43,77.23529,118.502525
71,43,78.23529,117.502525
70,43,79.23529,116.502525
69,44,80.649506,117.08831
68,44,81.649506,116.08831
67,44,82.649506,115.08831
66,44,83.649506,114.08831
65,44,84.649506,113.08831
64,44,85.649506,112.08831
63,44,86.649506,111.08831
62,44,87.649506,110.08831
61,44,88.649506,109.08831
60,44,89.649506,108.08831
59,44,90.649506,107.08831
58,44,91.649506,106.08831
57,44,92.649506,105.08831
56,44,93.649506,104.08831
55,43,95.06372,101.502525
54,42,96.477936,98.91674
53,41,97.89215,96.330956
52,41,98.89215,95.330956
51,40,100.306366,92.74516
50,40,101.306366,91.74516
49,40,102.306366,90.74516
48,40,103.306366,89.74516
47,40,104.306366,88.74516
46,40,105.306366,87.74516
45,40,106.306366,86.74516
44,40,107.306366,85.74516
43,40,108.306366,84.74516
42,40,108.556366,83.74516
41,40,108.806366,82.74516
40,40,109.056366,81.15938
39,40,109.306366,79.57359
38,40,109.556366,77.98781
37,40,109.806366,76.40202
36,40,110.056366,74.81623
35,40,110.306366,73.230446
34,40,110.556366,71.64466
33,40,110.806366,70.058876
32,40,111.056366,68.47309
31,40,111.306366,66.8873
30,40,111.556366,65.30151
29,40,111.806366,63.71573
28,40,112.056366,62.129944
27,40,112.306366,60.544155
26,40,112.556366,58.95837
25,40,112.806366,57.37258
24,40,113.056366,55.786797
23,40,113.306366,54.20101
22,39,114.72058,51.615223
21,38,116.134796,49.029438
20,37,117.54901,46.44365
19,36,119.670334,43.857864
18,35,122.498764,41.27208
17,34,124.62009,38.68629
16,33,126.0343,36.100506
15,32,128.15562,33.514717
14,31,130.27695,30.928932
13,30,131.69116,28.343145
12,29,133.10538,25.757359
11,28,134.51959,23.171574
11,27,135.51959,22.171574
11,26,136.51959,21.171574
10,25,138.64091,18.585787
9,24,140.76224,16.0
9,23,141.76224,15.0
9,22,142.76224,14.0
9,21,143.76224,13.0
9,20,145.26224,12.0
9,19,146.76224,11.0
9,18,147.76224,10.0
10,17,149.17645,10.585787
10,16,150.17645,9.585787
10,15,151.17645,8.585787
10,14,152.17645,7.5857863
10,13,153.17645,6.5857863
10,12,154.17645,5.5857863
10,11,155.17645,4.5857863
9,10,156.59067,2.0
10,9,158.00488,2.5857863
9,8,159.4191,0.0
