141,105,0.0,1000000.0
140,105,1.0,281.13498
139,105,2.0,280.13498
138,105,3.0,279.13498
137,106,4.4142137,279.72076
136,106,5.4142137,278.72076
135,106,6.4142137,277.72076
134,106,7.4142137,276.72076
133,107,8.828427,277.30658
132,107,9.828427,276.30658
131,108,11.2426405,276.89236
130,109,12.656854,277.47815
129,109,13.656854,276.47815
128,109,14.656854,275.47815
127,109,15.656854,274.47815
126,109,16.656853,273.47815
125,109,17.656853,272.47815
124,109,18.656853,271.47815
123,109,19.656853,270.47815
122,109,20.656853,269.47815
121,108,22.071066,266.89236
120,108,23.071066,265.89236
119,108,24.071066,264.89236
118,108,25.071066,263.89236
117,108,26.071066,262.89236
116,108,27.071066,261.89236
115,109,28.48528,262.47815
114,109,29.48528,261.47815
113,109,30.48528,260.47815
112,109,31.48528,259.47815
111,109,32.48528,258.47815
110,109,33.48528,257.47815
109,108,34.899494,254.89235
108,108,35.899494,253.89235
107,108,36.899494,252.89235
106,108,37.899494,251.89235
105,108,38.899494,250.89235
104,108,39.899494,249.89235
103,108,40.899494,248.89235
102,108,41.899494,247.89235
101,108,42.899494,246.89235
100,108,43.899494,245.89235
100,107,44.149494,244.30656
99,107,44.399494,243.30656
98,107,44.649494,242.30656
97,107,44.899494,241.30656
96,107,45.149494,240.30656
95,107,45.399494,239.30656
94,107,45.649494,238.30656
93,107,45.899494,237.30656
92,107,46.149494,236.30656
91,107,46.399494,235.30656
90,107,46.649494,233.72078
89,107,46.899494,232.135
88,107,47.149494,230.54921
87,107,47.399494,228.96342
86,107,47.649494,227.37764
85,107,47.899494,225.79184
84,107,48.149494,224.20605
83,107,48.399494,222.62027
82,107,48.649494,221.03448
81,107,48.899494,219.4487
80,107,49.149494,217.86292
79,107,49.399494,216.27713
78,107,49.649494,214.69135
77,107,49.899494,213.10556
76,107,50.149494,211.51978
75,107,50.399494,209.93398
74,107,50.649494,208.34819
73,107,50.899494,206.7624
72,107,51.149494,205.17662
71,107,51.399494,203.59084
70,107,51.649494,202.00505
69,107,51.899494,200.41927
68,107,52.149494,198.83348
67,107,52.399494,197.2477
66,107,52.649494,195.66191
65,107,52.899494,194.07611
64,107,53.149494,192.49033
63,107,53.399494,190.90454
62,107,53.649494,189.31876
61,107,53.899494,187.73297
60,107,54.149494,186.14719
59,107,54.399494,184.5614
58,107,54.649494,182.97562
57,107,54.899494,181.38983
56,107,55.149494,179.80405
55,107,55.399494,178.21825
54,107,55.649494,176.63246
53,107,55.899494,175.04668
52,107,56.149494,173.46089
51,107,56.399494,171.8751
50,107,56.649494,170.28932
49,107,56.899494,168.70354
48,107,57.149494,167.11775
47,107,57.399494,165.53197
46,107,57.649494,163.94618
45,107,57.899494,162.36038
44,107,58.149494,160.7746
43,107,58.399494,159.18881
42,107,58.649494,157.60303
42,106,59.649494,156.60303
42,105,60.649494,155.60303
42,104,61.649494,154.60303
42,103,62.649494,153.60303
42,102,63.649494,152.60303
42,101,64.64949,151.60303
42,100,65.64949,150.60303
42,99,66.64949,149.60303
42,98,67.64949,148.60303
42,97,68.64949,147.60303
42,96,69.64949,146.60303
42,95,70.64949,145.60303
42,94,71.64949,144.60303
42,93,72.64949,143.60303
42,92,73.64949,142.60303
42,91,74.64949,141.60303
41,90,76.063705,139.01724
41,89,77.063705,138.01724
40,88,78.47792,135.43146
40,87,79.47792,134.43146
40,86,80.47792,133.43146
40,85,81.47792,132.43146
40,84,82.47792,131.43146
40,83,83.47792,130.43146
39,82,84.892136,127.84567
39,81,85.892136,126.84567
39,80,86.892136,125.84567
38,80,87.142136,124.25989
37,80,87.392136,122.674095
36,80,87.642136,121.08831
36,79,87.892136,120.08831
36,78,88.142136,119.08831
36,77,88.392136,118.08831
36,76,88.642136,117.08831
36,75,88.892136,116.08831
36,74,89.142136,115.08831
36,73,89.392136,114.08831
36,72,89.642136,113.08831
36,71,89.892136,112.08831
36,70,90.142136,111.08831
36,69,90.392136,110.08831
36,68,90.642136,109.08831
36,67,90.892136,108.08831
36,66,91.142136,107.08831
36,65,91.392136,106.08831
36,64,91.642136,105.08831
36,63,91.892136,104.08831
36,62,92.267136,103.08831
36,61,92.767136,102.08831
36,60,93.267136,101.08831
36,59,93.642136,100.08831
36,58,94.017136,99.08831
36,57,94.517136,98.08831
36,56,95.017136,97.08831
36,55,95.517136,96.08831
36,54,96.017136,95.08831
36,53,96.517136,94.08831
36,52,96.892136,93.08831
36,51,97.142136,91.502525
36,50,97.392136,89.91674
36,49,97.767136,88.330956
36,48,98.142136,86.74516
36,47,98.517136,85.15938
36,46,98.892136,83.57359
36,45,99.267136,81.98781
36,44,99.767136,80.40202
36,43,100.267136,78.81623
36,42,100.767136,77.230446
36,41,101.267136,75.64466
36,40,101.767136,74.058876
36,39,102.267136,72.47309
36,38,102.767136,70.8873
36,37,103.267136,69.30151
36,36,103.642136,67.71573
36,35,103.892136,66.129944
36,34,113.627426,64.54416
36,33,114.002426,62.95837
36,32,114.377426,61.37258
36,31,114.752426,59.786797
36,30,115.252426,58.20101
36,29,115.627426,56.615223
36,28,116.002426,55.029438
36,27,116.377426,53.44365
36,26,116.752426,51.857864
36,25,117.127426,50.27208
36,24,117.377426,48.68629
36,23,117.627426,47.100506
36,22,117.877426,45.514717
36,21,118.127426,43.928932
36,20,118.502426,42.343147
36,19,119.002426,40.75736
36,18,119.377426,39.171574
36,17,119.627426,37.585785
36,16,119.877426,36.0
36,15,120.127426,37.585785
36,14,120.377426,39.171574
35,14,121.377426,38.171574
34,14,122.377426,37.171574
33,14,123.377426,36.171574
32,14,124.377426,35.171574
31,14,125.377426,34.171574
30,14,126.377426,33.171574
29,14,127.377426,32.171574
28,14,128.37743,31.171574
27,15,129.79164,28.585787
26,14,131.20586,29.171574
25,14,132.20586,28.171574
24,14,133.20586,27.171574
23,14,134.20586,26.171574
22,14,135.20586,25.171574
21,14,136.20586,24.171574
20,14,137.20586,23.171574
19,14,138.20586,22.171574
18,13,139.62007,22.757359
17,13,140.62007,21.757359
16,13,141.62007,20.757359
15,13,142.62007,19.757359
14,13,143.62007,18.757359
13,13,144.62007,17.757359
12,13,145.62007,16.757359
11,13,146.62007,15.7573595
10,14,148.03429,13.171573
9,14,149.03429,12.171573
8,15,151.15561,9.585787
7,16,153.27693,7.0
6,16,154.27693,6.0
5,16,155.27693,5.0
4,15,156.69115,5.5857863
3,16,158.10536,3.0
2,16,159.10536,2.0
1,16,160.10536,1.0
0,16,161.10536,0.0
